9
0.008386 0.009646 0.010661 0.011320 0.011549 0.011320 0.010661 0.009646 0.008386
0.009646 0.011096 0.012263 0.013021 0.013284 0.013021 0.012263 0.011096 0.009646
0.010661 0.012263 0.013553 0.014391 0.014681 0.014391 0.013553 0.012263 0.010661
0.011320 0.013021 0.014391 0.015281 0.015589 0.015281 0.014391 0.013021 0.011320
0.011549 0.013284 0.014681 0.015589 0.015904 0.015589 0.014681 0.013284 0.011549
0.011320 0.013021 0.014391 0.015281 0.015589 0.015281 0.014391 0.013021 0.011320
0.010661 0.012263 0.013553 0.014391 0.014681 0.014391 0.013553 0.012263 0.010661
0.009646 0.011096 0.012263 0.013021 0.013284 0.013021 0.012263 0.011096 0.009646
0.008386 0.009646 0.010661 0.011320 0.011549 0.011320 0.010661 0.009646 0.008386
