9
0.000763 0.001831 0.003422 0.004978 0.005641 0.004978 0.003422 0.001831 0.000763
0.001831 0.004393 0.008208 0.011942 0.013532 0.011942 0.008208 0.004393 0.001831
0.003422 0.008208 0.015334 0.022311 0.025282 0.022311 0.015334 0.008208 0.003422
0.004978 0.011942 0.022311 0.032463 0.036785 0.032463 0.022311 0.011942 0.004978
0.005641 0.013532 0.025282 0.036785 0.041683 0.036785 0.025282 0.013532 0.005641
0.004978 0.011942 0.022311 0.032463 0.036785 0.032463 0.022311 0.011942 0.004978
0.003422 0.008208 0.015334 0.022311 0.025282 0.022311 0.015334 0.008208 0.003422
0.001831 0.004393 0.008208 0.011942 0.013532 0.011942 0.008208 0.004393 0.001831
0.000763 0.001831 0.003422 0.004978 0.005641 0.004978 0.003422 0.001831 0.000763
