15
0.000000 0.000001 0.000004 0.000012 0.000028 0.000053 0.000077 0.000087 0.000077 0.000053 0.000028 0.000012 0.000004 0.000001 0.000000
0.000001 0.000005 0.000019 0.000060 0.000144 0.000268 0.000390 0.000442 0.000390 0.000268 0.000144 0.000060 0.000019 0.000005 0.000001
0.000004 0.000019 0.000077 0.000237 0.000568 0.001061 0.001543 0.001749 0.001543 0.001061 0.000568 0.000237 0.000077 0.000019 0.000004
0.000012 0.000060 0.000237 0.000729 0.001749 0.003267 0.004754 0.005386 0.004754 0.003267 0.001749 0.000729 0.000237 0.000060 0.000012
0.000028 0.000144 0.000568 0.001749 0.004195 0.007837 0.011403 0.012921 0.011403 0.007837 0.004195 0.001749 0.000568 0.000144 0.000028
0.000053 0.000268 0.001061 0.003267 0.007837 0.014642 0.021304 0.024140 0.021304 0.014642 0.007837 0.003267 0.001061 0.000268 0.000053
0.000077 0.000390 0.001543 0.004754 0.011403 0.021304 0.030997 0.035124 0.030997 0.021304 0.011403 0.004754 0.001543 0.000390 0.000077
0.000087 0.000442 0.001749 0.005386 0.012921 0.024140 0.035124 0.039801 0.035124 0.024140 0.012921 0.005386 0.001749 0.000442 0.000087
0.000077 0.000390 0.001543 0.004754 0.011403 0.021304 0.030997 0.035124 0.030997 0.021304 0.011403 0.004754 0.001543 0.000390 0.000077
0.000053 0.000268 0.001061 0.003267 0.007837 0.014642 0.021304 0.024140 0.021304 0.014642 0.007837 0.003267 0.001061 0.000268 0.000053
0.000028 0.000144 0.000568 0.001749 0.004195 0.007837 0.011403 0.012921 0.011403 0.007837 0.004195 0.001749 0.000568 0.000144 0.000028
0.000012 0.000060 0.000237 0.000729 0.001749 0.003267 0.004754 0.005386 0.004754 0.003267 0.001749 0.000729 0.000237 0.000060 0.000012
0.000004 0.000019 0.000077 0.000237 0.000568 0.001061 0.001543 0.001749 0.001543 0.001061 0.000568 0.000237 0.000077 0.000019 0.000004
0.000001 0.000005 0.000019 0.000060 0.000144 0.000268 0.000390 0.000442 0.000390 0.000268 0.000144 0.000060 0.000019 0.000005 0.000001
0.000000 0.000001 0.000004 0.000012 0.000028 0.000053 0.000077 0.000087 0.000077 0.000053 0.000028 0.000012 0.000004 0.000001 0.000000
