15
0.001193 0.001547 0.001928 0.002308 0.002655 0.002934 0.003115 0.003178 0.003115 0.002934 0.002655 0.002308 0.001928 0.001547 0.001193
0.001547 0.002006 0.002500 0.002993 0.003443 0.003805 0.004040 0.004122 0.004040 0.003805 0.003443 0.002993 0.002500 0.002006 0.001547
0.001928 0.002500 0.003115 0.003730 0.004290 0.004742 0.005035 0.005136 0.005035 0.004742 0.004290 0.003730 0.003115 0.002500 0.001928
0.002308 0.002993 0.003730 0.004465 0.005136 0.005677 0.006028 0.006149 0.006028 0.005677 0.005136 0.004465 0.003730 0.002993 0.002308
0.002655 0.003443 0.004290 0.005136 0.005908 0.006530 0.006933 0.007074 0.006933 0.006530 0.005908 0.005136 0.004290 0.003443 0.002655
0.002934 0.003805 0.004742 0.005677 0.006530 0.007216 0.007663 0.007817 0.007663 0.007216 0.006530 0.005677 0.004742 0.003805 0.002934
0.003115 0.004040 0.005035 0.006028 0.006933 0.007663 0.008136 0.008301 0.008136 0.007663 0.006933 0.006028 0.005035 0.004040 0.003115
0.003178 0.004122 0.005136 0.006149 0.007074 0.007817 0.008301 0.008469 0.008301 0.007817 0.007074 0.006149 0.005136 0.004122 0.003178
0.003115 0.004040 0.005035 0.006028 0.006933 0.007663 0.008136 0.008301 0.008136 0.007663 0.006933 0.006028 0.005035 0.004040 0.003115
0.002934 0.003805 0.004742 0.005677 0.006530 0.007216 0.007663 0.007817 0.007663 0.007216 0.006530 0.005677 0.004742 0.003805 0.002934
0.002655 0.003443 0.004290 0.005136 0.005908 0.006530 0.006933 0.007074 0.006933 0.006530 0.005908 0.005136 0.004290 0.003443 0.002655
0.002308 0.002993 0.003730 0.004465 0.005136 0.005677 0.006028 0.006149 0.006028 0.005677 0.005136 0.004465 0.003730 0.002993 0.002308
0.001928 0.002500 0.003115 0.003730 0.004290 0.004742 0.005035 0.005136 0.005035 0.004742 0.004290 0.003730 0.003115 0.002500 0.001928
0.001547 0.002006 0.002500 0.002993 0.003443 0.003805 0.004040 0.004122 0.004040 0.003805 0.003443 0.002993 0.002500 0.002006 0.001547
0.001193 0.001547 0.001928 0.002308 0.002655 0.002934 0.003115 0.003178 0.003115 0.002934 0.002655 0.002308 0.001928 0.001547 0.001193
